0 	0 	50000.000000 
0 	20 	50000.000000 
0 	40 	50000.000000 
0 	60 	50000.000000 
0 	80 	50000.000000 
0 	100 	50000.000000 
0 	120 	50000.000000 
0 	140 	39851.837957 
0 	160 	30430.167000 
0 	180 	24518.438453 
0 	200 	20090.353946 
0 	220 	16751.349309 
0 	240 	14356.249253 
0 	260 	12927.668895 
0 	280 	12618.400599 
0 	300 	13563.284860 
0 	320 	15796.021767 
0 	340 	19465.370509 
0 	360 	25092.851531 
0 	380 	33798.482084 
0 	400 	47363.833032 
0 	420 	50000.000000 
0 	440 	50000.000000 
0 	460 	50000.000000 
0 	480 	50000.000000 
0 	500 	50000.000000 
0 	520 	50000.000000 
0 	540 	50000.000000 
0 	560 	50000.000000 
0 	580 	50000.000000 
0 	600 	50000.000000 
0 	620 	49927.677135 
0 	640 	47362.914228 
0 	660 	44914.636460 
0 	680 	42576.646165 
0 	700 	40342.900913 
20 	0 	50000.000000 
20 	20 	50000.000000 
20 	40 	50000.000000 
20 	60 	50000.000000 
20 	80 	50000.000000 
20 	100 	50000.000000 
20 	120 	44365.427017 
20 	140 	41246.581026 
20 	160 	30693.710500 
20 	180 	22718.735075 
20 	200 	18298.636314 
20 	220 	15141.395324 
20 	240 	12967.555962 
20 	260 	11774.368351 
20 	280 	11666.791469 
20 	300 	12678.617452 
20 	320 	14747.355296 
20 	340 	17912.699956 
20 	360 	22459.114542 
20 	380 	29005.313048 
20 	400 	38587.908065 
20 	420 	50000.000000 
20 	440 	50000.000000 
20 	460 	50000.000000 
20 	480 	50000.000000 
20 	500 	50000.000000 
20 	520 	50000.000000 
20 	540 	50000.000000 
20 	560 	50000.000000 
20 	580 	50000.000000 
20 	600 	50000.000000 
20 	620 	50000.000000 
20 	640 	50000.000000 
20 	660 	48029.703701 
20 	680 	45669.179936 
20 	700 	43400.060975 
40 	0 	50000.000000 
40 	20 	50000.000000 
40 	40 	50000.000000 
40 	60 	50000.000000 
40 	80 	50000.000000 
40 	100 	50000.000000 
40 	120 	40170.782210 
40 	140 	32023.627526 
40 	160 	46858.486170 
40 	180 	22305.090108 
40 	200 	16621.402451 
40 	220 	13563.626886 
40 	240 	11640.945733 
40 	260 	10729.967350 
40 	280 	10853.428061 
40 	300 	11941.023821 
40 	320 	13867.806939 
40 	340 	16615.258863 
40 	360 	20332.586185 
40 	380 	25359.594794 
40 	400 	32268.261816 
40 	420 	41848.393996 
40 	440 	50000.000000 
40 	460 	50000.000000 
40 	480 	50000.000000 
40 	500 	50000.000000 
40 	520 	50000.000000 
40 	540 	50000.000000 
40 	560 	50000.000000 
40 	580 	50000.000000 
40 	600 	50000.000000 
40 	620 	50000.000000 
40 	640 	50000.000000 
40 	660 	50000.000000 
40 	680 	48844.717177 
40 	700 	46542.970252 
60 	0 	50000.000000 
60 	20 	50000.000000 
60 	40 	50000.000000 
60 	60 	50000.000000 
60 	80 	50000.000000 
60 	100 	47159.326841 
60 	120 	35840.856048 
60 	140 	28000.966746 
60 	160 	23645.509838 
60 	180 	49730.364089 
60 	200 	15400.657065 
60 	220 	12055.122775 
60 	240 	10392.918119 
60 	260 	9792.931945 
60 	280 	10144.527798 
60 	300 	11287.018187 
60 	320 	13069.843134 
60 	340 	15451.757883 
60 	360 	18508.923776 
60 	380 	22429.779893 
60 	400 	27530.610268 
60 	420 	34277.619289 
60 	440 	43239.987445 
60 	460 	50000.000000 
60 	480 	50000.000000 
60 	500 	50000.000000 
60 	520 	50000.000000 
60 	540 	50000.000000 
60 	560 	50000.000000 
60 	580 	50000.000000 
60 	600 	50000.000000 
60 	620 	50000.000000 
60 	640 	50000.000000 
60 	660 	50000.000000 
60 	680 	50000.000000 
60 	700 	49741.668605 
80 	0 	50000.000000 
80 	20 	50000.000000 
80 	40 	50000.000000 
80 	60 	50000.000000 
80 	80 	50000.000000 
80 	100 	41553.760823 
80 	120 	31374.843166 
80 	140 	24241.376418 
80 	160 	19372.230760 
80 	180 	19691.860842 
80 	200 	16536.657242 
80 	220 	10635.604045 
80 	240 	9229.370687 
80 	260 	8955.164527 
80 	280 	9506.855725 
80 	300 	10667.964766 
80 	320 	12295.779385 
80 	340 	14348.961478 
80 	360 	16867.400270 
80 	380 	19958.756756 
80 	400 	23802.855929 
80 	420 	28668.839693 
80 	440 	34931.064942 
80 	460 	43035.686973 
80 	480 	50000.000000 
80 	500 	50000.000000 
80 	520 	50000.000000 
80 	540 	50000.000000 
80 	560 	50000.000000 
80 	580 	50000.000000 
80 	600 	50000.000000 
80 	620 	50000.000000 
80 	640 	50000.000000 
80 	660 	50000.000000 
80 	680 	50000.000000 
80 	700 	50000.000000 
100 	0 	50000.000000 
100 	20 	50000.000000 
100 	40 	50000.000000 
100 	60 	50000.000000 
100 	80 	49225.739147 
100 	100 	35845.915424 
100 	120 	26866.175248 
100 	140 	20559.311968 
100 	160 	16098.959886 
100 	180 	13356.937419 
100 	200 	47320.098963 
100 	220 	9286.310739 
100 	240 	8155.453271 
100 	260 	8213.080940 
100 	280 	8917.457830 
100 	300 	10054.319211 
100 	320 	11514.378915 
100 	340 	13268.384954 
100 	360 	15340.228743 
100 	380 	17794.750471 
100 	400 	20738.646363 
100 	420 	24330.934095 
100 	440 	28800.651488 
100 	460 	34465.273635 
100 	480 	41722.866911 
100 	500 	50000.000000 
100 	520 	50000.000000 
100 	540 	50000.000000 
100 	560 	50000.000000 
100 	580 	50000.000000 
100 	600 	50000.000000 
100 	620 	50000.000000 
100 	640 	50000.000000 
100 	660 	50000.000000 
100 	680 	50000.000000 
100 	700 	50000.000000 
120 	0 	50000.000000 
120 	20 	50000.000000 
120 	40 	50000.000000 
120 	60 	50000.000000 
120 	80 	41781.089470 
120 	100 	30185.151440 
120 	120 	22423.943894 
120 	140 	16995.008653 
120 	160 	13147.921735 
120 	180 	10491.574499 
120 	200 	9093.465754 
120 	220 	7825.250414 
120 	240 	7238.068132 
120 	260 	7597.776035 
120 	280 	8378.759916 
120 	300 	9440.888736 
120 	320 	10718.829513 
120 	340 	12197.630931 
120 	360 	13894.193720 
120 	380 	15849.861358 
120 	400 	18130.902293 
120 	420 	20834.847199 
120 	440 	24102.605551 
120 	460 	28137.096403 
120 	480 	33227.045191 
120 	500 	39762.658057 
120 	520 	48187.897340 
120 	540 	50000.000000 
120 	560 	50000.000000 
120 	580 	50000.000000 
120 	600 	50000.000000 
120 	620 	50000.000000 
120 	640 	50000.000000 
120 	660 	50000.000000 
120 	680 	50000.000000 
120 	700 	50000.000000 
140 	0 	50000.000000 
140 	20 	50000.000000 
140 	40 	50000.000000 
140 	60 	50000.000000 
140 	80 	34584.305845 
140 	100 	24724.303968 
140 	120 	18174.040594 
140 	140 	13646.844177 
140 	160 	10495.346563 
140 	180 	8361.716376 
140 	200 	7064.531285 
140 	220 	10628.147610 
140 	240 	7096.226892 
140 	260 	7263.279933 
140 	280 	7946.089023 
140 	300 	8856.078457 
140 	320 	9927.803722 
140 	340 	11146.388136 
140 	360 	12520.922750 
140 	380 	14077.175333 
140 	400 	15857.100406 
140 	420 	17922.389101 
140 	440 	20361.937510 
140 	460 	23304.490334 
140 	480 	26938.750613 
140 	500 	31543.228557 
140 	520 	37522.276453 
140 	540 	45414.427324 
140 	560 	50000.000000 
140 	580 	50000.000000 
140 	600 	50000.000000 
140 	620 	50000.000000 
140 	640 	50000.000000 
140 	660 	50000.000000 
140 	680 	50000.000000 
140 	700 	50000.000000 
160 	0 	50000.000000 
160 	20 	50000.000000 
160 	40 	50000.000000 
160 	60 	41460.303200 
160 	80 	27855.996708 
160 	100 	19664.978535 
160 	120 	14312.941146 
160 	140 	10710.029079 
160 	160 	8307.482946 
160 	180 	6819.227670 
160 	200 	6179.022555 
160 	220 	7457.682866 
160 	240 	17709.317937 
160 	260 	7857.198534 
160 	280 	7799.471287 
160 	300 	8384.602662 
160 	320 	9193.755120 
160 	340 	10148.584258 
160 	360 	11234.417749 
160 	380 	12460.073608 
160 	400 	13849.400569 
160 	420 	15440.949751 
160 	440 	17291.671781 
160 	460 	19484.547517 
160 	480 	22141.832524 
160 	500 	25447.342236 
160 	520 	29683.186697 
160 	540 	35285.824145 
160 	560 	42906.499966 
160 	580 	50000.000000 
160 	600 	50000.000000 
160 	620 	50000.000000 
160 	640 	50000.000000 
160 	660 	50000.000000 
160 	680 	50000.000000 
160 	700 	50000.000000 
180 	0 	50000.000000 
180 	20 	50000.000000 
180 	40 	50000.000000 
180 	60 	33107.492737 
180 	80 	21960.805839 
180 	100 	15400.061506 
180 	120 	11267.188172 
180 	140 	8622.786592 
180 	160 	6986.157871 
180 	180 	6121.435012 
180 	200 	5963.739247 
180 	220 	6895.902531 
180 	240 	16403.180993 
180 	260 	13408.795256 
180 	280 	8503.802551 
180 	300 	8230.037265 
180 	320 	8627.376910 
180 	340 	9274.741289 
180 	360 	10077.126775 
180 	380 	11011.523953 
180 	400 	12081.699823 
180 	420 	13307.645364 
180 	440 	14724.460497 
180 	460 	16385.831900 
180 	480 	18371.925648 
180 	500 	20803.769278 
180 	520 	23868.814758 
180 	540 	27866.575584 
180 	560 	33288.464354 
180 	580 	40937.986790 
180 	600 	50000.000000 
180 	620 	50000.000000 
180 	640 	50000.000000 
180 	660 	50000.000000 
180 	680 	50000.000000 
180 	700 	50000.000000 
200 	0 	50000.000000 
200 	20 	50000.000000 
200 	40 	44466.297364 
200 	60 	26407.588211 
200 	80 	17636.213323 
200 	100 	12705.843737 
200 	120 	9758.680501 
200 	140 	7972.003375 
200 	160 	6956.893047 
200 	180 	6510.242027 
200 	200 	6514.080362 
200 	220 	7058.354483 
200 	240 	9358.125910 
200 	260 	41096.409844 
200 	280 	12760.212579 
200 	300 	8921.391945 
200 	320 	8456.656899 
200 	340 	8661.892535 
200 	360 	9139.171393 
200 	380 	9785.508581 
200 	400 	10571.343541 
200 	420 	11495.851150 
200 	440 	12575.707765 
200 	460 	13843.655701 
200 	480 	15352.090625 
200 	500 	17181.696304 
200 	520 	19457.860492 
200 	540 	22381.342013 
200 	560 	26286.847045 
200 	580 	31756.354033 
200 	600 	39822.606135 
200 	620 	50000.000000 
200 	640 	50000.000000 
200 	660 	50000.000000 
200 	680 	50000.000000 
200 	700 	50000.000000 
220 	0 	50000.000000 
220 	20 	50000.000000 
220 	40 	36648.437051 
220 	60 	22432.796997 
220 	80 	15789.355321 
220 	100 	12175.792093 
220 	120 	10071.755502 
220 	140 	8854.101002 
220 	160 	8200.049049 
220 	180 	7892.346311 
220 	200 	7806.589660 
220 	220 	7952.199539 
220 	240 	8631.257094 
220 	260 	11774.248348 
220 	280 	50000.000000 
220 	300 	12747.776791 
220 	320 	9188.279710 
220 	340 	8562.622165 
220 	360 	8592.228175 
220 	380 	8904.605537 
220 	400 	9398.576087 
220 	420 	10042.887124 
220 	440 	10834.489386 
220 	460 	11788.268860 
220 	480 	12936.216243 
220 	500 	14331.799067 
220 	520 	16060.145759 
220 	540 	18257.924643 
220 	560 	21152.198654 
220 	580 	25139.425079 
220 	600 	30951.976737 
220 	620 	39994.832803 
220 	640 	50000.000000 
220 	660 	50000.000000 
220 	680 	50000.000000 
220 	700 	50000.000000 
240 	0 	50000.000000 
240 	20 	50000.000000 
240 	40 	33357.316338 
240 	60 	21869.815793 
240 	80 	16546.721393 
240 	100 	13674.338731 
240 	120 	12035.123004 
240 	140 	11074.567987 
240 	160 	10474.713967 
240 	180 	10057.812161 
240 	200 	9746.849375 
240 	220 	9537.298772 
240 	240 	9507.565682 
240 	260 	9976.696480 
240 	280 	12821.148993 
240 	300 	50000.000000 
240 	320 	13002.540016 
240 	340 	9430.762411 
240 	360 	8699.496611 
240 	380 	8582.022882 
240 	400 	8737.018157 
240 	420 	9078.199340 
240 	440 	9581.084415 
240 	460 	10245.346621 
240 	480 	11087.137305 
240 	500 	12140.216704 
240 	520 	13462.290695 
240 	540 	15148.133992 
240 	560 	17355.333426 
240 	580 	20356.669546 
240 	600 	24653.234411 
240 	620 	31232.054741 
240 	640 	42127.851201 
240 	660 	50000.000000 
240 	680 	50000.000000 
240 	700 	50000.000000 
260 	0 	50000.000000 
260 	20 	50000.000000 
260 	40 	35129.195338 
260 	60 	24592.291081 
260 	80 	19686.616044 
260 	100 	17023.234317 
260 	120 	15425.132386 
260 	140 	14352.311785 
260 	160 	13538.785673 
260 	180 	12860.304216 
260 	200 	12265.739815 
260 	220 	11742.367042 
260 	240 	11304.624812 
260 	260 	11009.551503 
260 	280 	11059.609998 
260 	300 	12590.523663 
260 	320 	41697.087354 
260 	340 	13442.309345 
260 	360 	9775.764277 
260 	380 	9035.339114 
260 	400 	8813.623301 
260 	420 	8822.312340 
260 	440 	9005.118506 
260 	460 	9355.493151 
260 	480 	9884.528598 
260 	500 	10616.153470 
260 	520 	11591.038232 
260 	540 	12876.423628 
260 	560 	14584.535660 
260 	580 	16908.391742 
260 	600 	20197.125638 
260 	620 	25128.063807 
260 	640 	33124.414024 
260 	660 	47258.895800 
260 	680 	50000.000000 
260 	700 	50000.000000 
280 	0 	50000.000000 
280 	20 	50000.000000 
280 	40 	41408.421981 
280 	60 	30127.802733 
280 	80 	24807.141452 
280 	100 	21796.916707 
280 	120 	19839.244709 
280 	140 	18398.289603 
280 	160 	17230.213094 
280 	180 	16222.643017 
280 	200 	15323.950732 
280 	220 	14511.192450 
280 	240 	13776.327905 
280 	260 	13122.450231 
280 	280 	12570.265847 
280 	300 	12196.297530 
280 	320 	12397.046108 
280 	340 	19775.970577 
280 	360 	13933.837108 
280 	380 	10335.116153 
280 	400 	9704.900087 
280 	420 	9421.217394 
280 	440 	9298.811614 
280 	460 	9321.289791 
280 	480 	9505.969509 
280 	500 	9883.870338 
280 	520 	10497.167880 
280 	540 	11404.020461 
280 	560 	12691.666159 
280 	580 	14502.817345 
280 	600 	17088.468084 
280 	620 	20922.418650 
280 	640 	26974.590519 
280 	660 	37389.699616 
280 	680 	50000.000000 
280 	700 	50000.000000 
300 	0 	50000.000000 
300 	20 	50000.000000 
300 	40 	50000.000000 
300 	60 	37640.732231 
300 	80 	31252.345717 
300 	100 	27508.833086 
300 	120 	24970.777583 
300 	140 	23045.635807 
300 	160 	21465.811250 
300 	180 	20103.362276 
300 	200 	18893.727598 
300 	220 	17802.206759 
300 	240 	16808.789726 
300 	260 	15901.301557 
300 	280 	15072.666946 
300 	300 	14321.089166 
300 	320 	13655.813638 
300 	340 	13133.244719 
300 	360 	13395.854615 
300 	380 	13896.332111 
300 	400 	11257.462072 
300 	420 	10781.875907 
300 	440 	10436.031492 
300 	460 	10186.643117 
300 	480 	10052.830692 
300 	500 	10070.428409 
300 	520 	10291.210221 
300 	540 	10784.978203 
300 	560 	11643.435104 
300 	580 	12992.444315 
300 	600 	15026.133786 
300 	620 	18085.900651 
300 	640 	22839.156591 
300 	660 	30709.668432 
300 	680 	44838.245001 
300 	700 	50000.000000 
320 	0 	50000.000000 
320 	20 	50000.000000 
320 	40 	50000.000000 
320 	60 	46412.322668 
320 	80 	38559.745002 
320 	100 	33880.553619 
320 	120 	30662.072148 
320 	140 	28205.661941 
320 	160 	26192.775526 
320 	180 	24466.368951 
320 	200 	22943.221425 
320 	220 	21575.704829 
320 	240 	20334.212270 
320 	260 	19198.760766 
320 	280 	18154.840816 
320 	300 	17191.289013 
320 	320 	16299.126502 
320 	340 	15470.788684 
320 	360 	14699.258753 
320 	380 	13978.984673 
320 	400 	18686.459696 
320 	420 	12868.139465 
320 	440 	12278.465084 
320 	460 	11791.326614 
320 	480 	11392.813065 
320 	500 	11103.251858 
320 	520 	10963.722242 
320 	540 	11042.413684 
320 	560 	11443.052837 
320 	580 	12309.352827 
320 	600 	13829.843344 
320 	620 	16273.474610 
320 	640 	20105.368547 
320 	660 	26257.993910 
320 	680 	36727.971940 
320 	700 	50000.000000 
340 	0 	50000.000000 
340 	20 	50000.000000 
340 	40 	50000.000000 
340 	60 	50000.000000 
340 	80 	46481.592236 
340 	100 	40758.916183 
340 	120 	36812.963881 
340 	140 	33806.748916 
340 	160 	31354.668925 
340 	180 	29262.880801 
340 	200 	27426.172341 
340 	220 	25782.956256 
340 	240 	24294.339630 
340 	260 	22933.910840 
340 	280 	21682.561817 
340 	300 	20525.802396 
340 	320 	19452.435738 
340 	340 	18454.302132 
340 	360 	17528.189026 
340 	380 	16688.957810 
340 	400 	16110.066171 
340 	420 	32240.877788 
340 	440 	15568.725887 
340 	460 	14095.241147 
340 	480 	13340.605384 
340 	500 	12760.508765 
340 	520 	12314.083286 
340 	540 	12034.798610 
340 	560 	12007.871536 
340 	580 	12382.589500 
340 	600 	13375.279101 
340 	620 	15251.372110 
340 	640 	18355.418413 
340 	660 	23283.386151 
340 	680 	31244.549845 
340 	700 	44622.496041 
360 	0 	50000.000000 
360 	20 	50000.000000 
360 	40 	50000.000000 
360 	60 	50000.000000 
360 	80 	50000.000000 
360 	100 	48023.872818 
360 	120 	43327.158968 
360 	140 	39766.187601 
360 	160 	36877.195932 
360 	180 	34424.162528 
360 	200 	32277.404881 
360 	220 	30360.387097 
360 	240 	28624.713742 
360 	260 	27037.729210 
360 	280 	25576.106977 
360 	300 	24222.452500 
360 	320 	22963.564058 
360 	340 	21789.867643 
360 	360 	20696.444265 
360 	380 	19688.807459 
360 	400 	18813.158228 
360 	420 	18421.003874 
360 	440 	31347.752563 
360 	460 	18805.957570 
360 	480 	15941.916919 
360 	500 	14876.819834 
360 	520 	14112.797333 
360 	540 	13522.419767 
360 	560 	13134.870864 
360 	580 	13067.204376 
360 	600 	13537.961679 
360 	620 	14845.989729 
360 	640 	17300.195110 
360 	660 	21273.761591 
360 	680 	27454.923964 
360 	700 	37192.295546 
380 	0 	50000.000000 
380 	20 	50000.000000 
380 	40 	50000.000000 
380 	60 	50000.000000 
380 	80 	50000.000000 
380 	100 	50000.000000 
380 	120 	50000.000000 
380 	140 	45983.697879 
380 	160 	42666.900797 
380 	180 	39862.474626 
380 	200 	37414.160980 
380 	220 	35229.495483 
380 	240 	33250.196164 
380 	260 	31437.285324 
380 	280 	29763.268586 
380 	300 	28207.889707 
380 	320 	26755.824867 
380 	340 	25395.592246 
380 	360 	24119.588881 
380 	380 	22926.213847 
380 	400 	21828.977233 
380 	420 	20901.805258 
380 	440 	20665.093200 
380 	460 	38530.884145 
380 	480 	20815.301930 
380 	500 	17461.546587 
380 	520 	16206.028350 
380 	540 	15301.277158 
380 	560 	14602.420483 
380 	580 	14163.661416 
380 	600 	14165.175191 
380 	620 	14913.244574 
380 	640 	16736.749276 
380 	660 	19891.946580 
380 	680 	24727.631020 
380 	700 	31946.329248 
400 	0 	50000.000000 
400 	20 	50000.000000 
400 	40 	50000.000000 
400 	60 	50000.000000 
400 	80 	50000.000000 
400 	100 	50000.000000 
400 	120 	50000.000000 
400 	140 	50000.000000 
400 	160 	48617.521736 
400 	180 	45477.762838 
400 	200 	42742.276832 
400 	220 	40301.733178 
400 	240 	38087.513037 
400 	260 	36054.143254 
400 	280 	34169.942554 
400 	300 	32411.851873 
400 	320 	30762.519076 
400 	340 	29208.706862 
400 	360 	27740.656263 
400 	380 	26352.573373 
400 	400 	25045.634114 
400 	420 	23840.125160 
400 	440 	22837.776814 
400 	460 	22816.910591 
400 	480 	50000.000000 
400 	500 	21192.783265 
400 	520 	18521.848165 
400 	540 	17232.297729 
400 	560 	16244.332636 
400 	580 	15492.044278 
400 	600 	15095.850317 
400 	620 	15325.233409 
400 	640 	16524.905881 
400 	660 	18924.079190 
400 	680 	22672.552886 
400 	700 	28083.834653 
420 	0 	50000.000000 
420 	20 	50000.000000 
420 	40 	50000.000000 
420 	60 	50000.000000 
420 	80 	50000.000000 
420 	100 	50000.000000 
420 	120 	50000.000000 
420 	140 	50000.000000 
420 	160 	50000.000000 
420 	180 	50000.000000 
420 	200 	48165.045074 
420 	220 	45486.329492 
420 	240 	43051.653759 
420 	260 	40808.829305 
420 	280 	38721.916672 
420 	300 	36765.089116 
420 	320 	34919.096295 
420 	340 	33169.213198 
420 	360 	31504.134686 
420 	380 	29915.658999 
420 	400 	28399.500461 
420 	420 	26959.011815 
420 	440 	25620.466103 
420 	460 	24520.231175 
420 	480 	25027.043781 
420 	500 	39671.577839 
420 	520 	21119.735003 
420 	540 	19222.111973 
420 	560 	17952.799965 
420 	580 	16928.168645 
420 	600 	16198.357488 
420 	620 	15972.597227 
420 	640 	16572.786804 
420 	660 	18246.247382 
420 	680 	21062.920940 
420 	700 	25112.003900 
440 	0 	50000.000000 
440 	20 	50000.000000 
440 	40 	50000.000000 
440 	60 	50000.000000 
440 	80 	50000.000000 
440 	100 	50000.000000 
440 	120 	50000.000000 
440 	140 	50000.000000 
440 	160 	50000.000000 
440 	180 	50000.000000 
440 	200 	50000.000000 
440 	220 	50000.000000 
440 	240 	48063.154924 
440 	260 	45627.076907 
440 	280 	43349.902031 
440 	300 	41203.021842 
440 	320 	39165.372145 
440 	340 	37220.958518 
440 	360 	35357.396914 
440 	380 	33565.155785 
440 	400 	31837.465744 
440 	420 	30171.335762 
440 	440 	28571.747048 
440 	460 	27070.013058 
440 	480 	25851.132809 
440 	500 	28524.518461 
440 	520 	24830.265577 
440 	540 	21207.053973 
440 	560 	19663.429271 
440 	580 	18400.354325 
440 	600 	17387.575893 
440 	620 	16773.800827 
440 	640 	16825.189815 
440 	660 	17801.519439 
440 	680 	19781.451548 
440 	700 	22748.518891 
460 	0 	50000.000000 
460 	20 	50000.000000 
460 	40 	50000.000000 
460 	60 	50000.000000 
460 	80 	50000.000000 
460 	100 	50000.000000 
460 	120 	50000.000000 
460 	140 	50000.000000 
460 	160 	50000.000000 
460 	180 	50000.000000 
460 	200 	50000.000000 
460 	220 	50000.000000 
460 	240 	50000.000000 
460 	260 	50000.000000 
460 	280 	47994.210297 
460 	300 	45669.788767 
460 	320 	43448.988824 
460 	340 	41314.696084 
460 	360 	39253.793717 
460 	380 	37256.146480 
460 	400 	35314.119976 
460 	420 	33422.649232 
460 	440 	31580.269707 
460 	460 	29793.116142 
460 	480 	28094.281264 
460 	500 	26732.144565 
460 	520 	50000.000000 
460 	540 	23144.660975 
460 	560 	21345.855817 
460 	580 	19877.642291 
460 	600 	18621.436267 
460 	620 	17679.991081 
460 	640 	17253.033690 
460 	660 	17580.325674 
460 	680 	18787.137186 
460 	700 	20845.939803 
480 	0 	50000.000000 
480 	20 	50000.000000 
480 	40 	50000.000000 
480 	60 	50000.000000 
480 	80 	50000.000000 
480 	100 	50000.000000 
480 	120 	50000.000000 
480 	140 	50000.000000 
480 	160 	50000.000000 
480 	180 	50000.000000 
480 	200 	50000.000000 
480 	220 	50000.000000 
480 	240 	50000.000000 
480 	260 	50000.000000 
480 	280 	50000.000000 
480 	300 	50000.000000 
480 	320 	47727.539522 
480 	340 	45410.023889 
480 	360 	43154.529032 
480 	380 	40950.923457 
480 	400 	38791.869114 
480 	420 	36672.596073 
480 	440 	34591.040818 
480 	460 	32548.511200 
480 	480 	30551.940566 
480 	500 	28626.093940 
480 	520 	27036.054561 
480 	540 	24996.335856 
480 	560 	23006.050120 
480 	580 	21362.560284 
480 	600 	19891.640242 
480 	620 	18672.400913 
480 	640 	17844.682096 
480 	660 	17599.406985 
480 	680 	18092.764327 
480 	700 	19348.220025 
500 	0 	50000.000000 
500 	20 	50000.000000 
500 	40 	50000.000000 
500 	60 	50000.000000 
500 	80 	50000.000000 
500 	100 	50000.000000 
500 	120 	50000.000000 
500 	140 	50000.000000 
500 	160 	47536.261211 
500 	180 	48655.031278 
500 	200 	50000.000000 
500 	220 	50000.000000 
500 	240 	50000.000000 
500 	260 	50000.000000 
500 	280 	50000.000000 
500 	300 	50000.000000 
500 	320 	50000.000000 
500 	340 	49475.530694 
500 	360 	47028.870485 
500 	380 	44619.275809 
500 	400 	42240.831557 
500 	420 	39890.901577 
500 	440 	37570.063200 
500 	460 	35282.077532 
500 	480 	33033.725947 
500 	500 	30834.278538 
500 	520 	28694.016121 
500 	540 	27486.802658 
500 	560 	24756.411044 
500 	580 	22897.147738 
500 	600 	21217.521918 
500 	620 	19756.331128 
500 	640 	18600.255745 
500 	660 	17880.094036 
500 	680 	17741.304227 
500 	700 	18265.781423 
520 	0 	50000.000000 
520 	20 	50000.000000 
520 	40 	50000.000000 
520 	60 	50000.000000 
520 	80 	50000.000000 
520 	100 	50000.000000 
520 	120 	50000.000000 
520 	140 	49801.537602 
520 	160 	44532.025321 
520 	180 	42993.361376 
520 	200 	45620.517879 
520 	220 	50000.000000 
520 	240 	50000.000000 
520 	260 	50000.000000 
520 	280 	50000.000000 
520 	300 	50000.000000 
520 	320 	50000.000000 
520 	340 	50000.000000 
520 	360 	50000.000000 
520 	380 	48237.683971 
520 	400 	45638.256028 
520 	420 	43056.034105 
520 	440 	40496.605241 
520 	460 	37969.529020 
520 	480 	35487.921959 
520 	500 	33068.804594 
520 	520 	30742.425079 
520 	540 	28781.267113 
520 	560 	28777.104049 
520 	580 	24634.015017 
520 	600 	22651.731820 
520 	620 	20957.057765 
520 	640 	19529.048846 
520 	660 	18433.891571 
520 	680 	17774.020056 
520 	700 	17649.450192 
540 	0 	50000.000000 
540 	20 	50000.000000 
540 	40 	50000.000000 
540 	60 	50000.000000 
540 	80 	50000.000000 
540 	100 	50000.000000 
540 	120 	50000.000000 
540 	140 	49177.187096 
540 	160 	42739.022575 
540 	180 	39346.042822 
540 	200 	39296.916830 
540 	220 	43307.894160 
540 	240 	50000.000000 
540 	260 	50000.000000 
540 	280 	50000.000000 
540 	300 	50000.000000 
540 	320 	50000.000000 
540 	340 	50000.000000 
540 	360 	50000.000000 
540 	380 	50000.000000 
540 	400 	48967.792477 
540 	420 	46154.634376 
540 	440 	43361.048617 
540 	460 	40604.013783 
540 	480 	37904.064007 
540 	500 	35285.691268 
540 	520 	32786.674917 
540 	540 	30553.559556 
540 	560 	33415.153301 
540 	580 	27673.569794 
540 	600 	24339.019463 
540 	620 	22325.685079 
540 	640 	20650.284605 
540 	660 	19261.727728 
540 	680 	18202.460831 
540 	700 	17546.253350 
560 	0 	50000.000000 
560 	20 	50000.000000 
560 	40 	50000.000000 
560 	60 	50000.000000 
560 	80 	50000.000000 
560 	100 	50000.000000 
560 	120 	50000.000000 
560 	140 	48796.094037 
560 	160 	41611.418285 
560 	180 	37035.027849 
560 	200 	35102.965470 
560 	220 	36413.082435 
560 	240 	41966.814450 
560 	260 	50000.000000 
560 	280 	50000.000000 
560 	300 	50000.000000 
560 	320 	50000.000000 
560 	340 	50000.000000 
560 	360 	50000.000000 
560 	380 	50000.000000 
560 	400 	50000.000000 
560 	420 	49181.260697 
560 	440 	46164.043166 
560 	460 	43192.057820 
560 	480 	40292.292042 
560 	500 	37493.356161 
560 	520 	34830.577695 
560 	540 	32382.643329 
560 	560 	30668.747234 
560 	580 	50000.000000 
560 	600 	27068.830372 
560 	620 	23990.788285 
560 	640 	22001.850051 
560 	660 	20363.186391 
560 	680 	19006.540389 
560 	700 	17954.172046 
580 	0 	50000.000000 
580 	20 	50000.000000 
580 	40 	50000.000000 
580 	60 	50000.000000 
580 	80 	50000.000000 
580 	100 	50000.000000 
580 	120 	50000.000000 
580 	140 	48453.281815 
580 	160 	40784.369496 
580 	180 	35471.613946 
580 	200 	32336.257283 
580 	220 	31729.971833 
580 	240 	34514.401480 
580 	260 	42083.314991 
580 	280 	50000.000000 
580 	300 	50000.000000 
580 	320 	50000.000000 
580 	340 	50000.000000 
580 	360 	50000.000000 
580 	380 	50000.000000 
580 	400 	50000.000000 
580 	420 	50000.000000 
580 	440 	48915.489800 
580 	460 	45750.793210 
580 	480 	42675.462265 
580 	500 	39719.192414 
580 	520 	36911.676752 
580 	540 	34295.509982 
580 	560 	32002.105248 
580 	580 	31151.006474 
580 	600 	50000.000000 
580 	620 	26623.910255 
580 	640 	23688.986280 
580 	660 	21751.465529 
580 	680 	20155.252999 
580 	700 	18820.617767 
600 	0 	50000.000000 
600 	20 	50000.000000 
600 	40 	50000.000000 
600 	60 	50000.000000 
600 	80 	50000.000000 
600 	100 	50000.000000 
600 	120 	50000.000000 
600 	140 	48020.674487 
600 	160 	40035.191939 
600 	180 	34265.395827 
600 	200 	30392.558899 
600 	220 	28549.298981 
600 	240 	29364.956071 
600 	260 	33989.218980 
600 	280 	44475.255011 
600 	300 	50000.000000 
600 	320 	50000.000000 
600 	340 	50000.000000 
600 	360 	50000.000000 
600 	380 	50000.000000 
600 	400 	50000.000000 
600 	420 	50000.000000 
600 	440 	50000.000000 
600 	460 	48304.504410 
600 	480 	45083.335037 
600 	500 	41997.583348 
600 	520 	39071.075596 
600 	540 	36327.371960 
600 	560 	33807.298681 
600 	580 	31662.521138 
600 	600 	31254.431750 
600 	620 	50000.000000 
600 	640 	26338.065447 
600 	660 	23499.457522 
600 	680 	21629.661538 
600 	700 	20078.712913 
620 	0 	50000.000000 
620 	20 	50000.000000 
620 	40 	50000.000000 
620 	60 	50000.000000 
620 	80 	50000.000000 
620 	100 	50000.000000 
620 	120 	50000.000000 
620 	140 	47417.300644 
620 	160 	39231.678347 
620 	180 	33183.396829 
620 	200 	28869.886141 
620 	220 	26271.217090 
620 	240 	25802.674010 
620 	260 	28354.243740 
620 	280 	35490.735585 
620 	300 	50000.000000 
620 	320 	50000.000000 
620 	340 	50000.000000 
620 	360 	50000.000000 
620 	380 	50000.000000 
620 	400 	50000.000000 
620 	420 	50000.000000 
620 	440 	50000.000000 
620 	460 	50000.000000 
620 	480 	47546.798123 
620 	500 	44362.295414 
620 	520 	41345.220385 
620 	540 	38508.888173 
620 	560 	35866.261504 
620 	580 	33444.684345 
620 	600 	31356.167054 
620 	620 	30524.639883 
620 	640 	50000.000000 
620 	660 	26210.454659 
620 	680 	23460.912327 
620 	700 	21676.653385 
640 	0 	50000.000000 
640 	20 	50000.000000 
640 	40 	50000.000000 
640 	60 	50000.000000 
640 	80 	50000.000000 
640 	100 	50000.000000 
640 	120 	50000.000000 
640 	140 	46591.852993 
640 	160 	38296.882486 
640 	180 	32093.581450 
640 	200 	27530.962117 
640 	220 	24493.978964 
640 	240 	23238.153320 
640 	260 	24441.524876 
640 	280 	29238.663405 
640 	300 	39955.602833 
640 	320 	50000.000000 
640 	340 	50000.000000 
640 	360 	50000.000000 
640 	380 	50000.000000 
640 	400 	50000.000000 
640 	420 	50000.000000 
640 	440 	50000.000000 
640 	460 	50000.000000 
640 	480 	50000.000000 
640 	500 	46840.577136 
640 	520 	43761.254273 
640 	540 	40861.776503 
640 	560 	38145.207461 
640 	580 	35613.665369 
640 	600 	33276.300520 
640 	620 	31181.334546 
640 	640 	29683.273085 
640 	660 	47468.474759 
640 	680 	26189.857744 
640 	700 	23596.655798 
660 	0 	50000.000000 
660 	20 	50000.000000 
660 	40 	50000.000000 
660 	60 	50000.000000 
660 	80 	50000.000000 
660 	100 	50000.000000 
660 	120 	50000.000000 
660 	140 	45513.858830 
660 	160 	37189.185499 
660 	180 	30925.801880 
660 	200 	26246.336488 
660 	220 	22980.032138 
660 	240 	21276.529394 
660 	260 	21653.485506 
660 	280 	24945.258860 
660 	300 	32657.221948 
660 	320 	48243.957741 
660 	340 	50000.000000 
660 	360 	50000.000000 
660 	380 	50000.000000 
660 	400 	50000.000000 
660 	420 	50000.000000 
660 	440 	50000.000000 
660 	460 	50000.000000 
660 	480 	50000.000000 
660 	500 	49448.779730 
660 	520 	46333.953545 
660 	540 	43396.236448 
660 	560 	40634.785435 
660 	580 	38045.567084 
660 	600 	35623.186983 
660 	620 	33363.636470 
660 	640 	31272.191551 
660 	660 	29412.228239 
660 	680 	29257.401286 
660 	700 	26137.086227 
680 	0 	50000.000000 
680 	20 	50000.000000 
680 	40 	50000.000000 
680 	60 	50000.000000 
680 	80 	50000.000000 
680 	100 	50000.000000 
680 	120 	50000.000000 
680 	140 	44170.569837 
680 	160 	35892.125059 
680 	180 	29649.212573 
680 	200 	24952.750489 
680 	220 	21601.748841 
680 	240 	19680.524544 
680 	260 	19590.714542 
680 	280 	21951.409357 
680 	300 	27693.172675 
680 	320 	39003.368265 
680 	340 	50000.000000 
680 	360 	50000.000000 
680 	380 	50000.000000 
680 	400 	50000.000000 
680 	420 	50000.000000 
680 	440 	50000.000000 
680 	460 	50000.000000 
680 	480 	50000.000000 
680 	500 	50000.000000 
680 	520 	49064.119761 
680 	540 	46109.576893 
680 	560 	43323.704074 
680 	580 	40700.988572 
680 	600 	38233.953180 
680 	620 	35914.020314 
680 	640 	33732.179979 
680 	660 	31679.531308 
680 	680 	29747.873652 
680 	700 	27932.068453 
700 	0 	50000.000000 
700 	20 	50000.000000 
700 	40 	50000.000000 
700 	60 	50000.000000 
700 	80 	50000.000000 
700 	100 	50000.000000 
700 	120 	50000.000000 
700 	140 	42567.992010 
700 	160 	34409.694616 
700 	180 	28259.622393 
700 	200 	23627.452764 
700 	220 	20298.364635 
700 	240 	18318.090293 
700 	260 	18003.610790 
700 	280 	19805.940644 
700 	300 	24267.441467 
700 	320 	32628.763887 
700 	340 	47552.228309 
700 	360 	50000.000000 
700 	380 	50000.000000 
700 	400 	50000.000000 
700 	420 	50000.000000 
700 	440 	50000.000000 
700 	460 	50000.000000 
700 	480 	50000.000000 
700 	500 	50000.000000 
700 	520 	50000.000000 
700 	540 	48986.262834 
700 	560 	46192.317235 
700 	580 	43551.253114 
700 	600 	41055.826612 
700 	620 	38697.842935 
700 	640 	36468.732578 
700 	660 	34360.142278 
700 	680 	32365.195105 
700 	700 	30485.275167 
720 	0 	50000.000000 
720 	20 	50000.000000 
720 	40 	50000.000000 
720 	60 	50000.000000 
720 	80 	50000.000000 
720 	100 	50000.000000 
720 	120 	50000.000000 
720 	140 	40736.431509 
720 	160 	32764.284965 
720 	180 	26771.577542 
720 	200 	22272.195165 
720 	220 	19047.145185 
720 	240 	17118.947826 
720 	260 	16737.385705 
720 	280 	18210.931370 
720 	300 	21811.794068 
720 	320 	28182.654919 
720 	340 	38856.690520 
720 	360 	50000.000000 
720 	380 	50000.000000 
720 	400 	50000.000000 
720 	420 	50000.000000 
720 	440 	50000.000000 
720 	460 	50000.000000 
720 	480 	50000.000000 
720 	500 	50000.000000 
720 	520 	50000.000000 
720 	540 	50000.000000 
720 	560 	49212.071553 
720 	580 	46564.665408 
720 	600 	44051.019468 
720 	620 	41663.926043 
720 	640 	39395.972158 
720 	660 	37240.173971 
720 	680 	35191.216530 
720 	700 	33249.544375 
740 	0 	50000.000000 
740 	20 	50000.000000 
740 	40 	50000.000000 
740 	60 	50000.000000 
740 	80 	50000.000000 
740 	100 	50000.000000 
740 	120 	49472.024097 
740 	140 	38748.272993 
740 	160 	30995.682695 
740 	180 	25211.829376 
740 	200 	20901.916901 
740 	220 	17844.311519 
740 	240 	16044.167318 
740 	260 	15690.381743 
740 	280 	16965.213256 
740 	300 	19950.756973 
740 	320 	24931.514630 
740 	340 	32713.484419 
740 	360 	44677.324075 
740 	380 	50000.000000 
740 	400 	50000.000000 
740 	420 	50000.000000 
740 	440 	50000.000000 
740 	460 	50000.000000 
740 	480 	50000.000000 
740 	500 	50000.000000 
740 	520 	50000.000000 
740 	540 	50000.000000 
740 	560 	50000.000000 
740 	580 	49705.188830 
740 	600 	47182.042027 
740 	620 	44772.331547 
740 	640 	42469.703444 
740 	660 	40268.094878 
740 	680 	38162.544693 
740 	700 	36151.209487 
760 	0 	50000.000000 
760 	20 	50000.000000 
760 	40 	50000.000000 
760 	60 	50000.000000 
760 	80 	50000.000000 
760 	100 	50000.000000 
760 	120 	50000.000000 
760 	140 	36803.938948 
760 	160 	29161.673887 
760 	180 	23612.360805 
760 	200 	19535.577414 
760 	220 	16692.073031 
760 	240 	15066.940120 
760 	260 	14788.243443 
760 	280 	15928.140521 
760 	300 	18439.960715 
760 	320 	22402.431135 
760 	340 	28211.038739 
760 	360 	36635.593239 
760 	380 	48607.492562 
760 	400 	50000.000000 
760 	420 	50000.000000 
760 	440 	50000.000000 
760 	460 	50000.000000 
760 	480 	50000.000000 
760 	500 	50000.000000 
760 	520 	50000.000000 
760 	540 	50000.000000 
760 	560 	50000.000000 
760 	580 	50000.000000 
760 	600 	50000.000000 
760 	620 	47985.175517 
760 	640 	45651.995716 
760 	660 	43406.276582 
760 	680 	41243.328517 
760 	700 	39160.066918 
780 	0 	50000.000000 
780 	20 	50000.000000 
780 	40 	50000.000000 
780 	60 	50000.000000 
780 	80 	50000.000000 
780 	100 	50000.000000 
780 	120 	49181.912690 
780 	140 	36071.165838 
780 	160 	27348.514810 
780 	180 	22002.466480 
780 	200 	18188.653253 
780 	220 	15590.329012 
780 	240 	14162.348475 
780 	260 	13971.409797 
780 	280 	15000.016615 
780 	300 	17122.326426 
780 	320 	20306.220095 
780 	340 	24727.318432 
780 	360 	30789.816874 
780 	380 	39105.413839 
780 	400 	50000.000000 
780 	420 	50000.000000 
780 	440 	50000.000000 
780 	460 	50000.000000 
780 	480 	50000.000000 
780 	500 	50000.000000 
780 	520 	50000.000000 
780 	540 	50000.000000 
780 	560 	50000.000000 
780 	580 	50000.000000 
780 	600 	50000.000000 
780 	620 	50000.000000 
780 	640 	48908.340415 
780 	660 	46620.929448 
780 	680 	44400.925587 
780 	700 	42244.780139 
800 	0 	50000.000000 
800 	20 	50000.000000 
800 	40 	50000.000000 
800 	60 	50000.000000 
800 	80 	50000.000000 
800 	100 	50000.000000 
800 	120 	40902.405708 
800 	140 	50000.000000 
800 	160 	25749.430678 
800 	180 	20400.326698 
800 	200 	16868.204153 
800 	220 	14532.986477 
800 	240 	13304.335519 
800 	260 	13191.504233 
800 	280 	14112.072124 
800 	300 	15899.889593 
800 	320 	18469.619811 
800 	340 	21883.333970 
800 	360 	26348.086726 
800 	380 	32215.410601 
800 	400 	39956.887419 
800 	420 	49977.845263 
800 	440 	50000.000000 
800 	460 	50000.000000 
800 	480 	50000.000000 
800 	500 	50000.000000 
800 	520 	50000.000000 
800 	540 	50000.000000 
800 	560 	50000.000000 
800 	580 	50000.000000 
800 	600 	50000.000000 
800 	620 	50000.000000 
800 	640 	50000.000000 
800 	660 	49882.853061 
800 	680 	47606.394774 
800 	700 	45376.349188 
820 	0 	50000.000000 
820 	20 	50000.000000 
820 	40 	50000.000000 
820 	60 	50000.000000 
820 	80 	50000.000000 
820 	100 	48663.453550 
820 	120 	37207.558704 
820 	140 	30335.779022 
820 	160 	25689.968122 
820 	180 	18804.012928 
820 	200 	15572.425252 
820 	220 	13509.296304 
820 	240 	12467.946115 
820 	260 	12412.117479 
820 	280 	13220.615124 
820 	300 	14715.201343 
820 	320 	16790.812295 
820 	340 	19453.265465 
820 	360 	22806.224989 
820 	380 	27046.928826 
820 	400 	32474.214875 
820 	420 	39480.822758 
820 	440 	48446.706927 
820 	460 	50000.000000 
820 	480 	50000.000000 
820 	500 	50000.000000 
820 	520 	50000.000000 
820 	540 	50000.000000 
820 	560 	50000.000000 
820 	580 	50000.000000 
820 	600 	50000.000000 
820 	620 	50000.000000 
820 	640 	50000.000000 
820 	660 	50000.000000 
820 	680 	50000.000000 
820 	700 	48530.070829 
840 	0 	50000.000000 
840 	20 	50000.000000 
840 	40 	50000.000000 
840 	60 	50000.000000 
840 	80 	50000.000000 
840 	100 	44439.887340 
840 	120 	33855.520013 
840 	140 	26531.439507 
840 	160 	28313.652719 
840 	180 	17176.983100 
840 	200 	14300.457621 
840 	220 	12511.628848 
840 	240 	11635.225021 
840 	260 	11610.984067 
840 	280 	12302.783383 
840 	300 	13538.705873 
840 	320 	15212.100908 
840 	340 	17302.551762 
840 	360 	19859.578827 
840 	380 	22994.670879 
840 	400 	26887.868351 
840 	420 	31803.936190 
840 	440 	38103.239495 
840 	460 	46197.312167 
840 	480 	50000.000000 
840 	500 	50000.000000 
840 	520 	50000.000000 
840 	540 	50000.000000 
840 	560 	50000.000000 
840 	580 	50000.000000 
840 	600 	50000.000000 
840 	620 	50000.000000 
840 	640 	50000.000000 
840 	660 	50000.000000 
840 	680 	50000.000000 
840 	700 	50000.000000 
860 	0 	50000.000000 
860 	20 	50000.000000 
860 	40 	50000.000000 
860 	60 	50000.000000 
860 	80 	50000.000000 
860 	100 	40237.484729 
860 	120 	30613.396520 
860 	140 	23863.919921 
860 	160 	19022.790290 
860 	180 	15541.833041 
860 	200 	13111.090658 
860 	220 	11558.049435 
860 	240 	10805.736919 
860 	260 	10783.123111 
860 	280 	11353.612456 
860 	300 	12360.491456 
860 	320 	13703.664240 
860 	340 	15351.398777 
860 	360 	17324.394609 
860 	380 	19686.397500 
860 	400 	22546.442081 
860 	420 	26071.594197 
860 	440 	30509.351249 
860 	460 	36214.587930 
860 	480 	43652.206471 
860 	500 	50000.000000 
860 	520 	50000.000000 
860 	540 	50000.000000 
860 	560 	50000.000000 
860 	580 	50000.000000 
860 	600 	50000.000000 
860 	620 	50000.000000 
860 	640 	50000.000000 
860 	660 	50000.000000 
860 	680 	50000.000000 
860 	700 	50000.000000 
880 	0 	50000.000000 
880 	20 	50000.000000 
880 	40 	50000.000000 
880 	60 	50000.000000 
880 	80 	48997.482643 
880 	100 	36085.767079 
880 	120 	27440.528433 
880 	140 	21390.135103 
880 	160 	17109.516614 
880 	180 	17173.846496 
880 	200 	12701.477226 
880 	220 	10778.733454 
880 	240 	10021.757744 
880 	260 	9948.153135 
880 	280 	10385.771133 
880 	300 	11185.962315 
880 	320 	12254.588806 
880 	340 	13554.376330 
880 	360 	15089.660782 
880 	380 	16896.611814 
880 	400 	19042.433088 
880 	420 	21632.722764 
880 	440 	24827.741590 
880 	460 	28870.310423 
880 	480 	34127.401875 
880 	500 	41132.819303 
880 	520 	50000.000000 
880 	540 	50000.000000 
880 	560 	50000.000000 
880 	580 	50000.000000 
880 	600 	50000.000000 
880 	620 	50000.000000 
880 	640 	50000.000000 
880 	660 	50000.000000 
880 	680 	50000.000000 
880 	700 	50000.000000 
900 	0 	50000.000000 
900 	20 	50000.000000 
900 	40 	50000.000000 
900 	60 	50000.000000 
900 	80 	43478.489927 
900 	100 	31987.939950 
900 	120 	24308.960006 
900 	140 	18966.874407 
900 	160 	15262.578008 
900 	180 	13530.174989 
900 	200 	37031.657338 
900 	220 	10932.007688 
900 	240 	9456.119478 
900 	260 	9173.261426 
900 	280 	9435.623880 
900 	300 	10036.104312 
900 	320 	10869.374427 
900 	340 	11889.976938 
900 	360 	13090.397025 
900 	380 	14489.328858 
900 	400 	16128.421811 
900 	420 	18075.624927 
900 	440 	20435.187107 
900 	460 	23366.841320 
900 	480 	27119.774035 
900 	500 	32090.065916 
900 	520 	38904.684155 
900 	540 	48469.507245 
900 	560 	50000.000000 
900 	580 	50000.000000 
900 	600 	50000.000000 
900 	620 	50000.000000 
900 	640 	50000.000000 
900 	660 	50000.000000 
900 	680 	50000.000000 
900 	700 	50000.000000 
920 	0 	50000.000000 
920 	20 	50000.000000 
920 	40 	50000.000000 
920 	60 	50000.000000 
920 	80 	38053.065845 
920 	100 	27927.007798 
920 	120 	21187.112625 
920 	140 	16535.328563 
920 	160 	13357.626114 
920 	180 	11624.870656 
920 	200 	15578.431529 
920 	220 	19793.568057 
920 	240 	9848.032929 
920 	260 	8656.856538 
920 	280 	8586.725143 
920 	300 	8955.666473 
920 	320 	9570.321755 
920 	340 	10357.606722 
920 	360 	11294.754759 
920 	380 	12386.434399 
920 	400 	13657.117428 
920 	420 	15150.934064 
920 	440 	16937.099374 
920 	460 	19121.958496 
920 	480 	21871.672445 
920 	500 	25454.282722 
920 	520 	30317.773809 
920 	540 	37226.560685 
920 	560 	47420.196220 
920 	580 	50000.000000 
920 	600 	50000.000000 
920 	620 	50000.000000 
920 	640 	50000.000000 
920 	660 	50000.000000 
920 	680 	50000.000000 
920 	700 	50000.000000 
940 	0 	50000.000000 
940 	20 	50000.000000 
940 	40 	50000.000000 
940 	60 	47198.704147 
940 	80 	32710.305115 
940 	100 	23889.949298 
940 	120 	18060.916217 
940 	140 	14081.374023 
940 	160 	11401.231345 
940 	180 	9853.596186 
940 	200 	10143.046425 
940 	220 	23423.383935 
940 	240 	16616.555724 
940 	260 	9129.920762 
940 	280 	8054.985061 
940 	300 	8041.136881 
940 	320 	8410.419363 
940 	340 	8983.517655 
940 	360 	9702.567633 
940 	380 	10554.492064 
940 	400 	11549.393597 
940 	420 	12714.923882 
940 	440 	14097.730816 
940 	460 	15770.471648 
940 	480 	17846.315156 
940 	500 	20506.733876 
940 	520 	24055.711512 
940 	540 	29028.677530 
940 	560 	36407.878105 
940 	580 	47940.660152 
940 	600 	50000.000000 
940 	620 	50000.000000 
940 	640 	50000.000000 
940 	660 	50000.000000 
940 	680 	50000.000000 
940 	700 	50000.000000 
960 	0 	50000.000000 
960 	20 	50000.000000 
960 	40 	50000.000000 
960 	60 	40022.812594 
960 	80 	27488.214210 
960 	100 	19929.304051 
960 	120 	15000.835983 
960 	140 	11697.170876 
960 	160 	9517.379229 
960 	180 	8234.554959 
960 	200 	7930.304037 
960 	220 	9714.384478 
960 	240 	28559.024524 
960 	260 	15670.927915 
960 	280 	8590.182186 
960 	300 	7531.932806 
960 	320 	7510.775809 
960 	340 	7843.556045 
960 	360 	8359.693774 
960 	380 	9009.714432 
960 	400 	9786.172453 
960 	420 	10703.023554 
960 	440 	11791.269399 
960 	460 	13101.759585 
960 	480 	14714.146290 
960 	500 	16755.048248 
960 	520 	19433.909263 
960 	540 	23116.755593 
960 	560 	28485.843545 
960 	580 	36886.891279 
960 	600 	50000.000000 
960 	620 	50000.000000 
960 	640 	50000.000000 
960 	660 	50000.000000 
960 	680 	50000.000000 
960 	700 	50000.000000 
980 	0 	50000.000000 
980 	20 	50000.000000 
980 	40 	50000.000000 
980 	60 	33255.272605 
980 	80 	22613.659929 
980 	100 	16324.315736 
980 	120 	12340.200836 
980 	140 	9759.205359 
980 	160 	8107.510585 
980 	180 	7133.654289 
980 	200 	6751.885177 
980 	220 	7092.617687 
980 	240 	9087.977694 
980 	260 	24077.801471 
980 	280 	15919.762194 
980 	300 	8191.841723 
980 	320 	7149.842977 
980 	340 	7114.284651 
980 	360 	7398.516859 
980 	380 	7848.979410 
980 	400 	8427.444518 
980 	420 	9133.444033 
980 	440 	9986.060839 
980 	460 	11021.475777 
980 	480 	12297.742471 
980 	500 	13906.743531 
980 	520 	15998.231010 
980 	540 	18828.927272 
980 	560 	22869.199451 
980 	580 	29050.679002 
980 	600 	39341.034370 
980 	620 	50000.000000 
980 	640 	50000.000000 
980 	660 	50000.000000 
980 	680 	50000.000000 
980 	700 	50000.000000 
1000 	0 	50000.000000 
1000 	20 	50000.000000 
1000 	40 	45312.958923 
1000 	60 	27507.215878 
1000 	80 	18806.035520 
1000 	100 	13880.911772 
1000 	120 	10903.277573 
1000 	140 	9037.964548 
1000 	160 	7861.629193 
1000 	180 	7160.247024 
1000 	200 	6824.682170 
1000 	220 	6803.397342 
1000 	240 	7144.554007 
1000 	260 	8338.531694 
1000 	280 	15536.424149 
1000 	300 	17608.432071 
1000 	320 	7997.727568 
1000 	340 	7107.943739 
1000 	360 	7079.651779 
1000 	380 	7297.878440 
1000 	400 	7656.512526 
1000 	420 	8140.089362 
1000 	440 	8760.803398 
1000 	460 	9546.711510 
1000 	480 	10542.809614 
1000 	500 	11819.081105 
1000 	520 	13487.361799 
1000 	540 	15735.047690 
1000 	560 	18896.353473 
1000 	580 	23615.494614 
1000 	600 	31247.620110 
1000 	620 	44779.541448 
1000 	640 	50000.000000 
1000 	660 	50000.000000 
1000 	680 	50000.000000 
1000 	700 	50000.000000 
1020 	0 	50000.000000 
1020 	20 	50000.000000 
1020 	40 	38604.080268 
1020 	60 	24096.791558 
1020 	80 	17305.882876 
1020 	100 	13597.040047 
1020 	120 	11383.393224 
1020 	140 	10000.246614 
1020 	160 	9136.676281 
1020 	180 	8619.863780 
1020 	200 	8329.359602 
1020 	220 	8178.630526 
1020 	240 	8121.110860 
1020 	260 	8163.353313 
1020 	280 	8445.571599 
1020 	300 	10207.825618 
1020 	320 	24050.255353 
1020 	340 	8147.758779 
1020 	360 	7649.351395 
1020 	380 	7632.128527 
1020 	400 	7747.760185 
1020 	420 	7969.283113 
1020 	440 	8313.501141 
1020 	460 	8812.461825 
1020 	480 	9510.696649 
1020 	500 	10469.851699 
1020 	520 	11780.552138 
1020 	540 	13586.620518 
1020 	560 	16134.574979 
1020 	580 	19881.741656 
1020 	600 	25753.667409 
1020 	620 	35784.462291 
1020 	640 	50000.000000 
1020 	660 	50000.000000 
1020 	680 	50000.000000 
1020 	700 	50000.000000 
1040 	0 	50000.000000 
1040 	20 	50000.000000 
1040 	40 	36306.545010 
1040 	60 	24266.293587 
1040 	80 	18680.510268 
1040 	100 	15612.211424 
1040 	120 	13780.368580 
1040 	140 	12645.937381 
1040 	160 	11923.478342 
1040 	180 	11435.751572 
1040 	200 	11072.569764 
1040 	220 	10771.673897 
1040 	240 	10501.794043 
1040 	260 	10249.726443 
1040 	280 	10013.185380 
1040 	300 	9801.015265 
1040 	320 	9667.765647 
1040 	340 	16248.307294 
1040 	360 	9050.926258 
1040 	380 	8904.396944 
1040 	400 	8806.278084 
1040 	420 	8766.411744 
1040 	440 	8812.476854 
1040 	460 	8982.486053 
1040 	480 	9328.753790 
1040 	500 	9921.694735 
1040 	520 	10854.580023 
1040 	540 	12255.264264 
1040 	560 	14317.622711 
1040 	580 	17375.054048 
1040 	600 	22066.606176 
1040 	620 	29730.558971 
1040 	640 	43268.562359 
1040 	660 	50000.000000 
1040 	680 	50000.000000 
1040 	700 	50000.000000 
1060 	0 	50000.000000 
1060 	20 	50000.000000 
1060 	40 	39643.906265 
1060 	60 	28213.162673 
1060 	80 	22839.473583 
1060 	100 	19862.843541 
1060 	120 	18054.321250 
1060 	140 	16863.994900 
1060 	160 	16005.719754 
1060 	180 	15325.336767 
1060 	200 	14741.477060 
1060 	220 	14212.383020 
1060 	240 	13717.106347 
1060 	260 	13245.395260 
1060 	280 	12792.551643 
1060 	300 	12357.290648 
1060 	320 	11943.561706 
1060 	340 	11592.029440 
1060 	360 	13139.655727 
1060 	380 	11899.652872 
1060 	400 	10822.778792 
1060 	420 	10430.544748 
1060 	440 	10173.216131 
1060 	460 	10023.974596 
1060 	480 	10014.105799 
1060 	500 	10209.820019 
1060 	520 	10715.608253 
1060 	540 	11676.154062 
1060 	560 	13277.776906 
1060 	580 	15780.189844 
1060 	600 	19624.464833 
1060 	620 	25677.303740 
1060 	640 	35743.173215 
1060 	660 	50000.000000 
1060 	680 	50000.000000 
1060 	700 	50000.000000 
1080 	0 	50000.000000 
1080 	20 	50000.000000 
1080 	40 	48360.801110 
1080 	60 	35568.597956 
1080 	80 	29474.398685 
1080 	100 	26011.323495 
1080 	120 	23794.661260 
1080 	140 	22222.173580 
1080 	160 	21000.934268 
1080 	180 	19981.593939 
1080 	200 	19086.010534 
1080 	220 	18272.307704 
1080 	240 	17517.444599 
1080 	260 	16808.477849 
1080 	280 	16138.353155 
1080 	300 	15504.542546 
1080 	320 	14911.275039 
1080 	340 	14384.693091 
1080 	360 	14088.358204 
1080 	380 	17048.345165 
1080 	400 	17560.909081 
1080 	420 	13101.799563 
1080 	440 	12227.735235 
1080 	460 	11719.080544 
1080 	480 	11376.474349 
1080 	500 	11206.221050 
1080 	520 	11289.992987 
1080 	540 	11780.559319 
1080 	560 	12893.341507 
1080 	580 	14876.771267 
1080 	600 	18042.229014 
1080 	620 	22928.088395 
1080 	640 	30605.058710 
1080 	660 	43108.645173 
1080 	680 	50000.000000 
1080 	700 	50000.000000 
1100 	0 	50000.000000 
1100 	20 	50000.000000 
1100 	40 	50000.000000 
1100 	60 	45371.323982 
1100 	80 	37786.269818 
1100 	100 	33370.701965 
1100 	120 	30449.349380 
1100 	140 	28310.695976 
1100 	160 	26614.665648 
1100 	180 	25187.139191 
1100 	200 	23934.355502 
1100 	220 	22803.485470 
1100 	240 	21763.423787 
1100 	260 	20795.128545 
1100 	280 	19886.772510 
1100 	300 	19031.660744 
1100 	320 	18228.579692 
1100 	340 	17487.110963 
1100 	360 	16853.684568 
1100 	380 	16590.572507 
1100 	400 	20590.309974 
1100 	420 	22536.503610 
1100 	440 	15175.846047 
1100 	460 	13901.814935 
1100 	480 	13179.356406 
1100 	500 	12674.970864 
1100 	520 	12388.252645 
1100 	540 	12437.576068 
1100 	560 	13047.815005 
1100 	580 	14500.315567 
1100 	600 	17052.743526 
1100 	620 	21016.383807 
1100 	640 	26982.683632 
1100 	660 	36081.062826 
1100 	680 	50000.000000 
1100 	700 	50000.000000 
1120 	0 	50000.000000 
1120 	20 	50000.000000 
1120 	40 	50000.000000 
1120 	60 	50000.000000 
1120 	80 	47048.384008 
1120 	100 	41417.306075 
1120 	120 	37645.295793 
1120 	140 	34859.475701 
1120 	160 	32642.773843 
1120 	180 	30779.279206 
1120 	200 	29150.269220 
1120 	220 	27686.966573 
1120 	240 	26347.550276 
1120 	260 	25105.439219 
1120 	280 	23943.172792 
1120 	300 	22849.320342 
1120 	320 	21817.427008 
1120 	340 	20847.384547 
1120 	360 	19953.051188 
1120 	380 	19197.839563 
1120 	400 	18944.976838 
1120 	420 	25242.069930 
1120 	440 	22842.353309 
1120 	460 	16631.527151 
1120 	480 	15260.871759 
1120 	500 	14410.060640 
1120 	520 	13798.291466 
1120 	540 	13467.821102 
1120 	560 	13608.977642 
1120 	580 	14521.169738 
1120 	600 	16471.799939 
1120 	620 	19640.303194 
1120 	640 	24306.350915 
1120 	660 	31048.727110 
1120 	680 	40846.932856 
1120 	700 	50000.000000 
1140 	0 	50000.000000 
1140 	20 	50000.000000 
1140 	40 	50000.000000 
1140 	60 	50000.000000 
1140 	80 	50000.000000 
1140 	100 	49814.257796 
1140 	120 	45129.726438 
1140 	140 	41669.171787 
1140 	160 	38920.857823 
1140 	180 	36617.689218 
1140 	200 	34611.021269 
1140 	220 	32813.549381 
1140 	240 	31171.440443 
1140 	260 	29649.978055 
1140 	280 	28225.884076 
1140 	300 	26883.162312 
1140 	320 	25611.019791 
1140 	340 	24403.442765 
1140 	360 	23261.286810 
1140 	380 	22201.923753 
1140 	400 	21305.985217 
1140 	420 	21094.335420 
1140 	440 	36557.284430 
1140 	460 	21042.698694 
1140 	480 	17545.106461 
1140 	500 	16271.127497 
1140 	520 	15360.767417 
1140 	540 	14707.756112 
1140 	560 	14441.003375 
1140 	580 	14834.201114 
1140 	600 	16178.948222 
1140 	620 	18613.961204 
1140 	640 	22231.156813 
1140 	660 	27281.774696 
1140 	680 	34266.418355 
1140 	700 	43913.514484 
1160 	0 	50000.000000 
1160 	20 	50000.000000 
1160 	40 	50000.000000 
1160 	60 	50000.000000 
1160 	80 	50000.000000 
1160 	100 	50000.000000 
1160 	120 	50000.000000 
1160 	140 	48575.041300 
1160 	160 	45306.221219 
1160 	180 	42576.303852 
1160 	200 	40203.882139 
1160 	220 	38081.668209 
1160 	240 	36143.125019 
1160 	260 	34345.152642 
1160 	280 	32658.699457 
1160 	300 	31063.520310 
1160 	320 	29545.260199 
1160 	340 	28094.039947 
1160 	360 	26704.452555 
1160 	380 	25378.163545 
1160 	400 	24135.459337 
1160 	420 	23077.398031 
1160 	440 	23059.263294 
1160 	460 	50000.000000 
1160 	480 	20098.754639 
1160 	500 	18165.981688 
1160 	520 	16975.856995 
1160 	540 	16045.566533 
1160 	560 	15432.815267 
1160 	580 	15356.475161 
1160 	600 	16104.573012 
1160 	620 	17836.055669 
1160 	640 	20560.710652 
1160 	660 	24338.580318 
1160 	680 	29391.354867 
1160 	700 	36120.117046 
1180 	0 	50000.000000 
1180 	20 	50000.000000 
1180 	40 	50000.000000 
1180 	60 	50000.000000 
1180 	80 	50000.000000 
1180 	100 	50000.000000 
1180 	120 	50000.000000 
1180 	140 	50000.000000 
1180 	160 	50000.000000 
1180 	180 	48545.192760 
1180 	200 	45829.497195 
1180 	220 	43401.109436 
1180 	240 	41180.445062 
1180 	260 	39115.944003 
1180 	280 	37172.901102 
1180 	300 	35327.139064 
1180 	320 	33561.353192 
1180 	340 	31863.045348 
1180 	360 	30223.575592 
1180 	380 	28638.410521 
1180 	400 	27109.906258 
1180 	420 	25660.021589 
1180 	440 	24412.603753 
1180 	460 	25260.638057 
1180 	480 	23955.726154 
1180 	500 	20033.587356 
1180 	520 	18589.800627 
1180 	540 	17420.534877 
1180 	560 	16513.719670 
1180 	580 	16029.547720 
1180 	600 	16217.551142 
1180 	620 	17268.759993 
1180 	640 	19197.435030 
1180 	660 	21967.880004 
1180 	680 	25639.168041 
1180 	700 	30402.796207 
1200 	0 	50000.000000 
1200 	20 	50000.000000 
1200 	40 	50000.000000 
1200 	60 	50000.000000 
1200 	80 	50000.000000 
1200 	100 	50000.000000 
1200 	120 	50000.000000 
1200 	140 	50000.000000 
1200 	160 	50000.000000 
1200 	180 	50000.000000 
1200 	200 	50000.000000 
1200 	220 	48696.864328 
1200 	240 	46214.723798 
1200 	260 	43899.255448 
1200 	280 	41710.269251 
1200 	300 	39619.967541 
1200 	320 	37608.625931 
1200 	340 	35662.051610 
1200 	360 	33770.154775 
1200 	380 	31926.338918 
1200 	400 	30127.782202 
1200 	420 	28377.656802 
1200 	440 	26695.961414 
1200 	460 	25214.175366 
1200 	480 	41288.172446 
1200 	500 	21830.426511 
1200 	520 	20186.812353 
1200 	540 	18812.590396 
1200 	560 	17652.180449 
1200 	580 	16821.005520 
1200 	600 	16511.648309 
1200 	620 	16920.395600 
1200 	640 	18113.700659 
1200 	660 	20040.391900 
1200 	680 	22669.868368 
1200 	700 	26064.656183 
1220 	0 	50000.000000 
1220 	20 	50000.000000 
1220 	40 	50000.000000 
1220 	60 	50000.000000 
1220 	80 	50000.000000 
1220 	100 	50000.000000 
1220 	120 	50000.000000 
1220 	140 	50000.000000 
1220 	160 	50000.000000 
1220 	180 	50000.000000 
1220 	200 	50000.000000 
1220 	220 	50000.000000 
1220 	240 	50000.000000 
1220 	260 	48645.514886 
1220 	280 	46224.567376 
1220 	300 	43898.552293 
1220 	320 	41645.879110 
1220 	340 	39451.534114 
1220 	360 	37305.398642 
1220 	380 	35201.330603 
1220 	400 	33136.746551 
1220 	420 	31112.570977 
1220 	440 	29133.668280 
1220 	460 	27211.326375 
1220 	480 	25396.698282 
1220 	500 	23509.216145 
1220 	520 	21801.124632 
1220 	540 	20236.944212 
1220 	560 	18848.599170 
1220 	580 	17722.463707 
1220 	600 	16992.776675 
1220 	620 	16825.563288 
1220 	640 	17333.748216 
1220 	660 	18511.711706 
1220 	680 	20301.609642 
1220 	700 	22688.577111 
1240 	0 	50000.000000 
1240 	20 	50000.000000 
1240 	40 	50000.000000 
1240 	60 	50000.000000 
1240 	80 	50000.000000 
1240 	100 	50000.000000 
1240 	120 	50000.000000 
1240 	140 	50000.000000 
1240 	160 	50000.000000 
1240 	180 	50000.000000 
1240 	200 	50000.000000 
1240 	220 	50000.000000 
1240 	240 	50000.000000 
1240 	260 	50000.000000 
1240 	280 	50000.000000 
1240 	300 	48129.623792 
1240 	320 	45641.119731 
1240 	340 	43200.701848 
1240 	360 	40799.688373 
1240 	380 	38434.478866 
1240 	400 	36105.902547 
1240 	420 	33818.693421 
1240 	440 	31580.952380 
1240 	460 	29404.013771 
1240 	480 	27311.354143 
1240 	500 	27213.260692 
1240 	520 	23689.752972 
1240 	540 	21759.443065 
1240 	560 	20131.695578 
1240 	580 	18745.745168 
1240 	600 	17671.077351 
1240 	620 	17021.008989 
1240 	640 	16913.202514 
1240 	660 	17402.461528 
1240 	680 	18462.610825 
1240 	700 	20049.158008 
1260 	0 	50000.000000 
1260 	20 	50000.000000 
1260 	40 	50000.000000 
1260 	60 	50000.000000 
1260 	80 	50000.000000 
1260 	100 	50000.000000 
1260 	120 	50000.000000 
1260 	140 	50000.000000 
1260 	160 	48465.682719 
1260 	180 	50000.000000 
1260 	200 	50000.000000 
1260 	220 	50000.000000 
1260 	240 	50000.000000 
1260 	260 	50000.000000 
1260 	280 	50000.000000 
1260 	300 	50000.000000 
1260 	320 	49570.125806 
1260 	340 	46886.502702 
1260 	360 	44231.869030 
1260 	380 	41607.207369 
1260 	400 	39019.052815 
1260 	420 	36478.561475 
1260 	440 	34000.803004 
1260 	460 	31606.049869 
1260 	480 	29336.922467 
1260 	500 	27561.317976 
1260 	520 	33343.998381 
1260 	540 	23634.886096 
1260 	560 	21572.494812 
1260 	580 	19921.966655 
1260 	600 	18559.584048 
1260 	620 	17526.695654 
1260 	640 	16905.509888 
1260 	660 	16774.950075 
1260 	680 	17165.671716 
1260 	700 	18056.649864 
1280 	0 	50000.000000 
1280 	20 	50000.000000 
1280 	40 	50000.000000 
1280 	60 	50000.000000 
1280 	80 	50000.000000 
1280 	100 	50000.000000 
1280 	120 	50000.000000 
1280 	140 	49827.407153 
1280 	160 	44712.416763 
1280 	180 	44101.888321 
1280 	200 	49084.246634 
1280 	220 	50000.000000 
1280 	240 	50000.000000 
1280 	260 	50000.000000 
1280 	280 	50000.000000 
1280 	300 	50000.000000 
1280 	320 	50000.000000 
1280 	340 	50000.000000 
1280 	360 	47588.561235 
1280 	380 	44710.662459 
1280 	400 	41872.535392 
1280 	420 	39092.665483 
1280 	440 	36392.740447 
1280 	460 	33798.352858 
1280 	480 	31350.554706 
1280 	500 	29205.334764 
1280 	520 	30328.277724 
1280 	540 	28386.540794 
1280 	560 	23394.461624 
1280 	580 	21315.433096 
1280 	600 	19679.036476 
1280 	620 	18344.229242 
1280 	640 	17327.861821 
1280 	660 	16685.829786 
1280 	680 	16475.345563 
1280 	700 	16724.308265 
1300 	0 	50000.000000 
1300 	20 	50000.000000 
1300 	40 	50000.000000 
1300 	60 	50000.000000 
1300 	80 	50000.000000 
1300 	100 	50000.000000 
1300 	120 	50000.000000 
1300 	140 	48623.765635 
1300 	160 	42262.590023 
1300 	180 	39511.513949 
1300 	200 	41314.538894 
1300 	220 	49316.765089 
1300 	240 	50000.000000 
1300 	260 	50000.000000 
1300 	280 	50000.000000 
1300 	300 	50000.000000 
1300 	320 	50000.000000 
1300 	340 	50000.000000 
1300 	360 	50000.000000 
1300 	380 	47745.225368 
1300 	400 	44673.892844 
1300 	420 	41675.063428 
1300 	440 	38775.271839 
1300 	460 	36001.571722 
1300 	480 	33386.888138 
1300 	500 	31003.298364 
1300 	520 	29250.305737 
1300 	540 	40976.818840 
1300 	560 	27280.347683 
1300 	580 	23120.568077 
1300 	600 	21075.094309 
1300 	620 	19470.614137 
1300 	640 	18157.474944 
1300 	660 	17134.162163 
1300 	680 	16438.427537 
1300 	700 	16117.469597 
1320 	0 	50000.000000 
1320 	20 	50000.000000 
1320 	40 	50000.000000 
1320 	60 	50000.000000 
1320 	80 	50000.000000 
1320 	100 	50000.000000 
1320 	120 	50000.000000 
1320 	140 	47720.153574 
1320 	160 	40583.173696 
1320 	180 	36456.537386 
1320 	200 	35883.364437 
1320 	220 	40402.951282 
1320 	240 	50000.000000 
1320 	260 	50000.000000 
1320 	280 	50000.000000 
1320 	300 	50000.000000 
1320 	320 	50000.000000 
1320 	340 	50000.000000 
1320 	360 	50000.000000 
1320 	380 	50000.000000 
1320 	400 	47439.949690 
1320 	420 	44249.643936 
1320 	440 	41177.766997 
1320 	460 	38250.221744 
1320 	480 	35491.580964 
1320 	500 	32935.887040 
1320 	520 	30680.475964 
1320 	540 	29358.134702 
1320 	560 	50000.000000 
1320 	580 	26800.101951 
1320 	600 	22909.822638 
1320 	620 	20921.836426 
1320 	640 	19357.671842 
1320 	660 	18060.855591 
1320 	680 	17017.833503 
1320 	700 	16254.737472 
1340 	0 	50000.000000 
1340 	20 	50000.000000 
1340 	40 	50000.000000 
1340 	60 	50000.000000 
1340 	80 	50000.000000 
1340 	100 	50000.000000 
1340 	120 	50000.000000 
1340 	140 	46916.250319 
1340 	160 	39301.036266 
1340 	180 	34334.250312 
1340 	200 	32215.434330 
1340 	220 	34063.723459 
1340 	240 	42092.741487 
1340 	260 	50000.000000 
1340 	280 	50000.000000 
1340 	300 	50000.000000 
1340 	320 	50000.000000 
1340 	340 	50000.000000 
1340 	360 	50000.000000 
1340 	380 	50000.000000 
1340 	400 	50000.000000 
1340 	420 	46845.572886 
1340 	440 	43633.917706 
1340 	460 	40581.902669 
1340 	480 	37707.234810 
1340 	500 	35025.893117 
1340 	520 	32564.270467 
1340 	540 	30412.335609 
1340 	560 	29162.390322 
1340 	580 	49009.404961 
1340 	600 	26670.048346 
1340 	620 	22818.039401 
1340 	640 	20908.213058 
1340 	660 	19392.022855 
1340 	680 	18110.890951 
1340 	700 	17045.877310 
1360 	0 	50000.000000 
1360 	20 	50000.000000 
1360 	40 	50000.000000 
1360 	60 	50000.000000 
1360 	80 	50000.000000 
1360 	100 	50000.000000 
1360 	120 	50000.000000 
1360 	140 	46092.670075 
1360 	160 	38190.498690 
1360 	180 	32725.146526 
1360 	200 	29663.518115 
1360 	220 	29742.061411 
1360 	240 	34645.937892 
1360 	260 	47509.354358 
1360 	280 	50000.000000 
1360 	300 	50000.000000 
1360 	320 	50000.000000 
1360 	340 	50000.000000 
1360 	360 	50000.000000 
1360 	380 	50000.000000 
1360 	400 	50000.000000 
1360 	420 	49491.899164 
1360 	440 	46175.485007 
1360 	460 	43030.119991 
1360 	480 	40068.216678 
1360 	500 	37296.772374 
1360 	520 	34721.066726 
1360 	540 	32353.311728 
1360 	560 	30245.328072 
1360 	580 	28722.679033 
1360 	600 	35617.500322 
1360 	620 	26843.274491 
1360 	640 	22871.687338 
1360 	660 	21071.868181 
1360 	680 	19612.345535 
1360 	700 	18348.339405 
1380 	0 	50000.000000 
1380 	20 	50000.000000 
1380 	40 	50000.000000 
1380 	60 	50000.000000 
1380 	80 	50000.000000 
1380 	100 	50000.000000 
1380 	120 	50000.000000 
1380 	140 	45182.215539 
1380 	160 	37124.966690 
1380 	180 	31380.210014 
1380 	200 	27770.235392 
1380 	220 	26754.093476 
1380 	240 	29555.218668 
1380 	260 	38462.444102 
1380 	280 	50000.000000 
1380 	300 	50000.000000 
1380 	320 	50000.000000 
1380 	340 	50000.000000 
1380 	360 	50000.000000 
1380 	380 	50000.000000 
1380 	400 	50000.000000 
1380 	420 	50000.000000 
1380 	440 	48826.655189 
1380 	460 	45618.917577 
1380 	480 	42597.213375 
1380 	500 	39763.822422 
1380 	520 	37116.889925 
1380 	540 	34652.854149 
1380 	560 	32370.511746 
1380 	580 	30283.121122 
1380 	600 	28488.396965 
1380 	620 	28471.359999 
1380 	640 	27291.894879 
1380 	660 	23088.160147 
1380 	680 	21442.536550 
1380 	700 	20041.857912 
1400 	0 	50000.000000 
1400 	20 	50000.000000 
1400 	40 	50000.000000 
1400 	60 	50000.000000 
1400 	80 	50000.000000 
1400 	100 	50000.000000 
1400 	120 	50000.000000 
1400 	140 	44152.062662 
1400 	160 	36039.822605 
1400 	180 	30164.467460 
1400 	200 	26261.100971 
1400 	220 	24603.218156 
1400 	240 	26076.403642 
1400 	260 	32222.323191 
1400 	280 	46072.519207 
1400 	300 	50000.000000 
1400 	320 	50000.000000 
1400 	340 	50000.000000 
1400 	360 	50000.000000 
1400 	380 	50000.000000 
1400 	400 	50000.000000 
1400 	420 	50000.000000 
1400 	440 	50000.000000 
1400 	460 	48359.224154 
1400 	480 	45302.967628 
1400 	500 	42430.654791 
1400 	520 	39737.877024 
1400 	540 	37217.548166 
1400 	560 	34861.181893 
1400 	580 	32660.192673 
1400 	600 	30608.045979 
1400 	620 	28708.244429 
1400 	640 	27058.763366 
1400 	660 	27830.952226 
1400 	680 	23540.073494 
1400 	700 	22052.663681 
1420 	0 	50000.000000 
1420 	20 	50000.000000 
1420 	40 	50000.000000 
1420 	60 	50000.000000 
1420 	80 	50000.000000 
1420 	100 	50000.000000 
1420 	120 	50000.000000 
1420 	140 	42993.531536 
1420 	160 	34909.410528 
1420 	180 	29012.250804 
1420 	200 	24985.118884 
1420 	220 	22979.204343 
1420 	240 	23638.078121 
1420 	260 	27980.699061 
1420 	280 	37834.698821 
1420 	300 	50000.000000 
1420 	320 	50000.000000 
1420 	340 	50000.000000 
1420 	360 	50000.000000 
1420 	380 	50000.000000 
1420 	400 	50000.000000 
1420 	420 	50000.000000 
1420 	440 	50000.000000 
1420 	460 	50000.000000 
1420 	480 	48179.408806 
1420 	500 	45287.800711 
1420 	520 	42567.144743 
1420 	540 	40009.865954 
1420 	560 	37606.942054 
1420 	580 	35348.603375 
1420 	600 	33224.832571 
1420 	620 	31225.716467 
1420 	640 	29341.969799 
1420 	660 	27572.303834 
1420 	680 	30274.032093 
1420 	700 	24509.014064 
1440 	0 	50000.000000 
1440 	20 	50000.000000 
1440 	40 	50000.000000 
1440 	60 	50000.000000 
1440 	80 	50000.000000 
1440 	100 	50000.000000 
1440 	120 	50000.000000 
1440 	140 	41715.929509 
1440 	160 	33732.910480 
1440 	180 	27898.377671 
1440 	200 	23864.196360 
1440 	220 	21697.838167 
1440 	240 	21863.763416 
1440 	260 	25020.549657 
1440 	280 	32150.786635 
1440 	300 	45294.636645 
1440 	320 	50000.000000 
1440 	340 	50000.000000 
1440 	360 	50000.000000 
1440 	380 	50000.000000 
1440 	400 	50000.000000 
1440 	420 	50000.000000 
1440 	440 	50000.000000 
1440 	460 	50000.000000 
1440 	480 	50000.000000 
1440 	500 	48313.171340 
1440 	520 	45579.332905 
1440 	540 	42997.914844 
1440 	560 	40560.630573 
1440 	580 	38258.647499 
1440 	600 	36083.140457 
1440 	620 	34026.000021 
1440 	640 	32081.583932 
1440 	660 	30254.773327 
1440 	680 	28632.584932 
1440 	700 	31350.697209 
1460 	0 	50000.000000 
1460 	20 	50000.000000 
1460 	40 	50000.000000 
1460 	60 	50000.000000 
1460 	80 	50000.000000 
1460 	100 	50000.000000 
1460 	120 	50000.000000 
1460 	140 	40341.838430 
1460 	160 	32524.654561 
1460 	180 	26819.750863 
1460 	200 	22859.296512 
1460 	220 	20648.298444 
1460 	240 	20511.404219 
1460 	260 	22852.925849 
1460 	280 	28132.861875 
1460 	300 	37407.153143 
1460 	320 	50000.000000 
1460 	340 	50000.000000 
1460 	360 	50000.000000 
1460 	380 	50000.000000 
1460 	400 	50000.000000 
1460 	420 	50000.000000 
1460 	440 	50000.000000 
1460 	460 	50000.000000 
1460 	480 	50000.000000 
1460 	500 	50000.000000 
1460 	520 	48740.813603 
1460 	540 	46146.053385 
1460 	560 	43682.959131 
1460 	580 	41343.856358 
1460 	600 	39121.117867 
1460 	620 	37007.772026 
1460 	640 	34998.725585 
1460 	660 	33094.549260 
1460 	680 	31318.701063 
1460 	700 	29853.218827 
1480 	0 	50000.000000 
1480 	20 	50000.000000 
1480 	40 	50000.000000 
1480 	60 	50000.000000 
1480 	80 	50000.000000 
1480 	100 	50000.000000 
1480 	120 	49391.041259 
1480 	140 	38902.118551 
1480 	160 	31306.328145 
1480 	180 	25782.944362 
1480 	200 	21949.442007 
1480 	220 	19758.949478 
1480 	240 	19422.383076 
1480 	260 	21164.303042 
1480 	280 	25136.893783 
1480 	300 	31794.407551 
1480 	320 	42107.479236 
1480 	340 	50000.000000 
1480 	360 	50000.000000 
1480 	380 	50000.000000 
1480 	400 	50000.000000 
1480 	420 	50000.000000 
1480 	440 	50000.000000 
1480 	460 	50000.000000 
1480 	480 	50000.000000 
1480 	500 	50000.000000 
1480 	520 	50000.000000 
1480 	540 	49415.070791 
1480 	560 	46934.180443 
1480 	580 	44563.586590 
1480 	600 	42296.743162 
1480 	620 	40127.505965 
1480 	640 	38050.861878 
1480 	660 	36064.694230 
1480 	680 	34175.570968 
1480 	700 	32425.261874 
1500 	0 	50000.000000 
1500 	20 	50000.000000 
1500 	40 	50000.000000 
1500 	60 	50000.000000 
1500 	80 	50000.000000 
1500 	100 	50000.000000 
1500 	120 	47609.605219 
1500 	140 	37429.855600 
1500 	160 	30100.123216 
1500 	180 	24795.639594 
1500 	200 	21119.595678 
1500 	220 	18978.663171 
1500 	240 	18490.598427 
1500 	260 	19757.582082 
1500 	280 	22760.726101 
1500 	300 	27626.537523 
1500 	320 	34830.582863 
1500 	340 	45083.962458 
1500 	360 	50000.000000 
1500 	380 	50000.000000 
1500 	400 	50000.000000 
1500 	420 	50000.000000 
1500 	440 	50000.000000 
1500 	460 	50000.000000 
1500 	480 	50000.000000 
1500 	500 	50000.000000 
1500 	520 	50000.000000 
1500 	540 	50000.000000 
1500 	560 	50000.000000 
1500 	580 	47879.087784 
1500 	600 	45571.854373 
1500 	620 	43348.054318 
1500 	640 	41202.905118 
1500 	660 	39133.081299 
1500 	680 	37138.990121 
1500 	700 	35232.577606 
